
    0.1473   -0.1196   -0.0488   -0.0206    0.1942
    0.0691   -0.1060    0.1183    0.0796   -0.0087
   -0.1394    0.0235    0.1642    0.1871    0.0958
    0.0723    0.3084    0.1332    0.3201    0.1420
    0.1326    0.1921    0.0979    0.1759   -0.1058


    0.2104    0.2264    0.2040    0.0890    0.0192
    0.3325    0.1466    0.0881    0.0935    0.1088
   -0.0380   -0.1331   -0.0574    0.0650    0.0818
   -0.2847   -0.2750   -0.1816   -0.0284    0.0383
   -0.1744   -0.2304   -0.1324   -0.0439    0.0140


   -0.0837   -0.0226    0.0663    0.2739    0.0933
    0.1622    0.1961    0.0433    0.1807    0.0599
    0.1076    0.0812    0.1281    0.0980    0.0618
   -0.1401   -0.0239    0.2296    0.0644    0.0479
   -0.1986   -0.1922    0.0609    0.1062    0.2806


   -0.1821   -0.3066   -0.3353   -0.3435   -0.2141
   -0.2864   -0.1323   -0.0367   -0.1590   -0.1450
   -0.0806    0.0483    0.1135    0.0021   -0.1601
    0.0940    0.1420    0.2205    0.1478   -0.0425
    0.0259    0.0108    0.0101    0.1052   -0.0197



    0.0351    0.0846   -0.1419   -0.1961   -0.3134
    0.2638    0.0100   -0.1666   -0.2037   -0.1670
    0.1591    0.1310    0.0147    0.0455   -0.0553
    0.1477    0.1764    0.1809    0.0940    0.3030
    0.0311   -0.0315    0.0150    0.1957    0.3697

